{
 "cells": [
  {
   "cell_type": "markdown",
   "metadata": {},
   "source": [
    "# ì°¨ì›ì¶•ì†Œ Assignment1"
   ]
  },
  {
   "cell_type": "markdown",
   "metadata": {},
   "source": [
    "# ''' ? ''' ì´ ìˆëŠ” ë¶€ë¶„ì„ ì±„ì›Œì£¼ì„¸ìš” \n",
    "\n",
    "ì°¸ê³ í•˜ì…”ì•¼ í•˜ëŠ” í•¨ìˆ˜ë“¤ì€ ë§í¬ ë‹¬ì•„ë“œë ¸ìœ¼ë‹ˆ ë“¤ì–´ê°€ì„œ í™•ì¸í•´ë³´ì„¸ìš”\n",
    "\n",
    "ë¬´ì‘ì • ë¹ˆì¹¸ ì±„ìš°ê¸°ê°€ ì•„ë‹ˆë¼ ê¼­ ì°¨ì›ì¶•ì†Œ ê³¼ì •ì„ ì´í•´í•˜ì‹œë©´ì„œ ê³¼ì œë¥¼ ì§„í–‰í•˜ì‹œë©´ ì¢‹ê² ìŠµë‹ˆë‹¤!!!\n",
    "\n",
    "ë˜ ì§ˆë¬¸ì€ ì–¸ì œë‚˜ í™˜ì˜ì´ë‹ˆ ê³¼ì œí•˜ë‹¤ê°€ ê¶ê¸ˆí•˜ì‹ ê²ƒ ìˆìœ¼ì‹œë©´ ììœ ë¡­ê²Œ ë¬¼ì–´ë³´ì„¸ìš”!!"
   ]
  },
  {
   "cell_type": "markdown",
   "metadata": {},
   "source": [
    "# 1) PCAì˜ ê³¼ì • ì°¨ê·¼ì°¨ê·¼ ë°Ÿì•„ë³´ê¸°"
   ]
  },
  {
   "cell_type": "code",
   "execution_count": 1,
   "metadata": {},
   "outputs": [],
   "source": [
    "# ê¸°ë³¸ ëª¨ë“ˆ ë¶ˆëŸ¬ì˜¤ê¸°\n",
    "import numpy as np\n",
    "import numpy.linalg as lin\n",
    "import matplotlib.pyplot as plt\n",
    "import pandas as pd\n",
    "import random"
   ]
  },
  {
   "cell_type": "code",
   "execution_count": 2,
   "metadata": {},
   "outputs": [],
   "source": [
    "# ì„¤ëª…ë³€ìˆ˜ x1, x2, x3\n",
    "x1 = [95, 91, 66, 94, 68, 63, 12, 73, 93, 51, 13, 70, 63, 63, 97, 56, 67, 96, 75, 6]\n",
    "x2 = [56, 27, 25, 1, 9, 80, 92, 69, 6, 25, 83, 82, 54, 97, 66, 93, 76, 59, 94, 9]\n",
    "x3 = [57, 34, 9, 79, 4, 77, 100, 42, 6, 96, 61, 66, 9, 25, 84, 46, 16, 63, 53, 30]"
   ]
  },
  {
   "cell_type": "code",
   "execution_count": 3,
   "metadata": {},
   "outputs": [],
   "source": [
    "# ì„¤ëª…ë³€ìˆ˜ë“¤ì„ í•˜ë‚˜ì˜ í–‰ë ¬ë¡œ\n",
    "X = np.stack((x1, x2, x3), axis = 0)"
   ]
  },
  {
   "cell_type": "code",
   "execution_count": 4,
   "metadata": {},
   "outputs": [],
   "source": [
    "X = pd.DataFrame(X.T, columns = ['x1', 'x2', 'x3'])     # í–‰-ì—´ ì „í™˜ í›„ columnëª…ì€ ê°ê° 'x1', 'x2', 'x3'ë¡œ!"
   ]
  },
  {
   "cell_type": "code",
   "execution_count": 5,
   "metadata": {},
   "outputs": [
    {
     "data": {
      "text/html": [
       "<div>\n",
       "<style scoped>\n",
       "    .dataframe tbody tr th:only-of-type {\n",
       "        vertical-align: middle;\n",
       "    }\n",
       "\n",
       "    .dataframe tbody tr th {\n",
       "        vertical-align: top;\n",
       "    }\n",
       "\n",
       "    .dataframe thead th {\n",
       "        text-align: right;\n",
       "    }\n",
       "</style>\n",
       "<table border=\"1\" class=\"dataframe\">\n",
       "  <thead>\n",
       "    <tr style=\"text-align: right;\">\n",
       "      <th></th>\n",
       "      <th>x1</th>\n",
       "      <th>x2</th>\n",
       "      <th>x3</th>\n",
       "    </tr>\n",
       "  </thead>\n",
       "  <tbody>\n",
       "    <tr>\n",
       "      <th>0</th>\n",
       "      <td>95</td>\n",
       "      <td>56</td>\n",
       "      <td>57</td>\n",
       "    </tr>\n",
       "    <tr>\n",
       "      <th>1</th>\n",
       "      <td>91</td>\n",
       "      <td>27</td>\n",
       "      <td>34</td>\n",
       "    </tr>\n",
       "    <tr>\n",
       "      <th>2</th>\n",
       "      <td>66</td>\n",
       "      <td>25</td>\n",
       "      <td>9</td>\n",
       "    </tr>\n",
       "    <tr>\n",
       "      <th>3</th>\n",
       "      <td>94</td>\n",
       "      <td>1</td>\n",
       "      <td>79</td>\n",
       "    </tr>\n",
       "    <tr>\n",
       "      <th>4</th>\n",
       "      <td>68</td>\n",
       "      <td>9</td>\n",
       "      <td>4</td>\n",
       "    </tr>\n",
       "    <tr>\n",
       "      <th>5</th>\n",
       "      <td>63</td>\n",
       "      <td>80</td>\n",
       "      <td>77</td>\n",
       "    </tr>\n",
       "    <tr>\n",
       "      <th>6</th>\n",
       "      <td>12</td>\n",
       "      <td>92</td>\n",
       "      <td>100</td>\n",
       "    </tr>\n",
       "    <tr>\n",
       "      <th>7</th>\n",
       "      <td>73</td>\n",
       "      <td>69</td>\n",
       "      <td>42</td>\n",
       "    </tr>\n",
       "    <tr>\n",
       "      <th>8</th>\n",
       "      <td>93</td>\n",
       "      <td>6</td>\n",
       "      <td>6</td>\n",
       "    </tr>\n",
       "    <tr>\n",
       "      <th>9</th>\n",
       "      <td>51</td>\n",
       "      <td>25</td>\n",
       "      <td>96</td>\n",
       "    </tr>\n",
       "    <tr>\n",
       "      <th>10</th>\n",
       "      <td>13</td>\n",
       "      <td>83</td>\n",
       "      <td>61</td>\n",
       "    </tr>\n",
       "    <tr>\n",
       "      <th>11</th>\n",
       "      <td>70</td>\n",
       "      <td>82</td>\n",
       "      <td>66</td>\n",
       "    </tr>\n",
       "    <tr>\n",
       "      <th>12</th>\n",
       "      <td>63</td>\n",
       "      <td>54</td>\n",
       "      <td>9</td>\n",
       "    </tr>\n",
       "    <tr>\n",
       "      <th>13</th>\n",
       "      <td>63</td>\n",
       "      <td>97</td>\n",
       "      <td>25</td>\n",
       "    </tr>\n",
       "    <tr>\n",
       "      <th>14</th>\n",
       "      <td>97</td>\n",
       "      <td>66</td>\n",
       "      <td>84</td>\n",
       "    </tr>\n",
       "    <tr>\n",
       "      <th>15</th>\n",
       "      <td>56</td>\n",
       "      <td>93</td>\n",
       "      <td>46</td>\n",
       "    </tr>\n",
       "    <tr>\n",
       "      <th>16</th>\n",
       "      <td>67</td>\n",
       "      <td>76</td>\n",
       "      <td>16</td>\n",
       "    </tr>\n",
       "    <tr>\n",
       "      <th>17</th>\n",
       "      <td>96</td>\n",
       "      <td>59</td>\n",
       "      <td>63</td>\n",
       "    </tr>\n",
       "    <tr>\n",
       "      <th>18</th>\n",
       "      <td>75</td>\n",
       "      <td>94</td>\n",
       "      <td>53</td>\n",
       "    </tr>\n",
       "    <tr>\n",
       "      <th>19</th>\n",
       "      <td>6</td>\n",
       "      <td>9</td>\n",
       "      <td>30</td>\n",
       "    </tr>\n",
       "  </tbody>\n",
       "</table>\n",
       "</div>"
      ],
      "text/plain": [
       "    x1  x2   x3\n",
       "0   95  56   57\n",
       "1   91  27   34\n",
       "2   66  25    9\n",
       "3   94   1   79\n",
       "4   68   9    4\n",
       "5   63  80   77\n",
       "6   12  92  100\n",
       "7   73  69   42\n",
       "8   93   6    6\n",
       "9   51  25   96\n",
       "10  13  83   61\n",
       "11  70  82   66\n",
       "12  63  54    9\n",
       "13  63  97   25\n",
       "14  97  66   84\n",
       "15  56  93   46\n",
       "16  67  76   16\n",
       "17  96  59   63\n",
       "18  75  94   53\n",
       "19   6   9   30"
      ]
     },
     "execution_count": 5,
     "metadata": {},
     "output_type": "execute_result"
    }
   ],
   "source": [
    "X"
   ]
  },
  {
   "cell_type": "markdown",
   "metadata": {},
   "source": [
    "### 1-1) ë¨¼ì € PCAë¥¼ ì‹œì‘í•˜ê¸° ì „ ë°ì´í„° scaling!!!! ë§¤ìš° ì¤‘ìš”í•©ë‹ˆë‹¤!\n",
    "\n",
    "https://datascienceschool.net/03%20machine%20learning/02.01%20%EB%8D%B0%EC%9D%B4%ED%84%B0%20%EC%A0%84%EC%B2%98%EB%A6%AC%20%EA%B8%B0%EC%B4%88.html?highlight=%EC%A0%84%EC%B2%98%EB%A6%AC  ë¥¼ ì°¸ê³ í•˜ì‹œë©´ ë„ì›€ì´ ë ê±°ì—ìš”"
   ]
  },
  {
   "cell_type": "code",
   "execution_count": 6,
   "metadata": {},
   "outputs": [],
   "source": [
    "# scaling\n",
    "from sklearn.preprocessing import StandardScaler\n",
    "scaler = StandardScaler()\n",
    "X_std = scaler.fit_transform(X)     # sclaing í›„ ë°ì´í„°"
   ]
  },
  {
   "cell_type": "code",
   "execution_count": 7,
   "metadata": {},
   "outputs": [
    {
     "data": {
      "text/plain": [
       "array([[ 1.08573604,  0.02614175,  0.30684189],\n",
       "       [ 0.93801686, -0.86575334, -0.46445467],\n",
       "       [ 0.01477192, -0.92726334, -1.30282049],\n",
       "       [ 1.04880625, -1.66538341,  1.04460382],\n",
       "       [ 0.08863151, -1.41934339, -1.47049366],\n",
       "       [-0.09601747,  0.76426183,  0.97753455],\n",
       "       [-1.97943714,  1.13332186,  1.74883111],\n",
       "       [ 0.2732805 ,  0.42595679, -0.1961776 ],\n",
       "       [ 1.01187645, -1.5116084 , -1.40342439],\n",
       "       [-0.53917504, -0.92726334,  1.61469258],\n",
       "       [-1.94250735,  0.85652683,  0.44098042],\n",
       "       [ 0.16249111,  0.82577183,  0.60865359],\n",
       "       [-0.09601747, -0.03536825, -1.30282049],\n",
       "       [-0.09601747,  1.28709688, -0.76626636],\n",
       "       [ 1.15959564,  0.33369178,  1.21227698],\n",
       "       [-0.35452606,  1.16407687, -0.06203907],\n",
       "       [ 0.05170172,  0.64124181, -1.06807806],\n",
       "       [ 1.12266584,  0.11840676,  0.50804969],\n",
       "       [ 0.3471401 ,  1.19483187,  0.17270336],\n",
       "       [-2.20101593, -1.41934339, -0.5985932 ]])"
      ]
     },
     "execution_count": 7,
     "metadata": {},
     "output_type": "execute_result"
    }
   ],
   "source": [
    "X_std"
   ]
  },
  {
   "cell_type": "code",
   "execution_count": 8,
   "metadata": {},
   "outputs": [],
   "source": [
    "features = X_std.T     # X_stdì˜ ì „ì¹˜í–‰ë ¬ì„ featuresë¡œ ëª…ëª…"
   ]
  },
  {
   "cell_type": "code",
   "execution_count": 9,
   "metadata": {},
   "outputs": [
    {
     "data": {
      "text/plain": [
       "array([[ 1.08573604,  0.93801686,  0.01477192,  1.04880625,  0.08863151,\n",
       "        -0.09601747, -1.97943714,  0.2732805 ,  1.01187645, -0.53917504,\n",
       "        -1.94250735,  0.16249111, -0.09601747, -0.09601747,  1.15959564,\n",
       "        -0.35452606,  0.05170172,  1.12266584,  0.3471401 , -2.20101593],\n",
       "       [ 0.02614175, -0.86575334, -0.92726334, -1.66538341, -1.41934339,\n",
       "         0.76426183,  1.13332186,  0.42595679, -1.5116084 , -0.92726334,\n",
       "         0.85652683,  0.82577183, -0.03536825,  1.28709688,  0.33369178,\n",
       "         1.16407687,  0.64124181,  0.11840676,  1.19483187, -1.41934339],\n",
       "       [ 0.30684189, -0.46445467, -1.30282049,  1.04460382, -1.47049366,\n",
       "         0.97753455,  1.74883111, -0.1961776 , -1.40342439,  1.61469258,\n",
       "         0.44098042,  0.60865359, -1.30282049, -0.76626636,  1.21227698,\n",
       "        -0.06203907, -1.06807806,  0.50804969,  0.17270336, -0.5985932 ]])"
      ]
     },
     "execution_count": 9,
     "metadata": {},
     "output_type": "execute_result"
    }
   ],
   "source": [
    "features"
   ]
  },
  {
   "cell_type": "markdown",
   "metadata": {},
   "source": [
    "### 1-2) ë‹¤ìŒìœ¼ë¡œ ê³µë¶„ì‚° í–‰ë ¬ì„ êµ¬í•©ë‹ˆë‹¤\n",
    "\n",
    "https://docs.scipy.org/doc/numpy/reference/generated/numpy.cov.html ë¥¼ ì°¸ê³ í•˜ì‹œë©´ ë„ì›€ì´ ë ê±°ì—ìš”"
   ]
  },
  {
   "cell_type": "markdown",
   "metadata": {},
   "source": [
    "* `numpy.cov` : Estimate a covariance matrix, given data and weights.\n",
    "    * numpy.cov(m, y=None, rowvar=True, bias=False, ddof=None, fweights=None, aweights=None, *, dtype=None)"
   ]
  },
  {
   "cell_type": "code",
   "execution_count": 10,
   "metadata": {
    "scrolled": true
   },
   "outputs": [],
   "source": [
    "cov_matrix = np.cov(features)"
   ]
  },
  {
   "cell_type": "code",
   "execution_count": 11,
   "metadata": {},
   "outputs": [
    {
     "data": {
      "text/plain": [
       "array([[ 1.05263158, -0.2037104 , -0.12079228],\n",
       "       [-0.2037104 ,  1.05263158,  0.3125801 ],\n",
       "       [-0.12079228,  0.3125801 ,  1.05263158]])"
      ]
     },
     "execution_count": 11,
     "metadata": {},
     "output_type": "execute_result"
    }
   ],
   "source": [
    "cov_matrix"
   ]
  },
  {
   "cell_type": "markdown",
   "metadata": {},
   "source": [
    "### 1-3) ì´ì œ ê³ ìœ ê°’ê³¼ ê³ ìœ ë²¡í„°ë¥¼ êµ¬í•©ë‹ˆë‹¤\n",
    "\n",
    "ì‹¤ìŠµì½”ë“œë¥¼ ì°¸ê³ í•´ì£¼ì„¸ìš”"
   ]
  },
  {
   "cell_type": "code",
   "execution_count": 12,
   "metadata": {},
   "outputs": [],
   "source": [
    "eigenvalues = lin.eig(cov_matrix)[0]     # ê³ ìœ ê°’\n",
    "eigenvectors = lin.eig(cov_matrix)[1]    # ê³ ìœ ë²¡í„°"
   ]
  },
  {
   "cell_type": "code",
   "execution_count": 13,
   "metadata": {},
   "outputs": [
    {
     "name": "stdout",
     "output_type": "stream",
     "text": [
      "[1.48756162 0.94435407 0.72597904]\n",
      "[[ 0.47018528 -0.85137353 -0.23257022]\n",
      " [-0.64960236 -0.15545725 -0.74421087]\n",
      " [-0.59744671 -0.50099516  0.62614797]]\n"
     ]
    }
   ],
   "source": [
    "print(eigenvalues)\n",
    "print(eigenvectors)"
   ]
  },
  {
   "cell_type": "code",
   "execution_count": 14,
   "metadata": {},
   "outputs": [],
   "source": [
    "mat = np.zeros((3,3))"
   ]
  },
  {
   "cell_type": "code",
   "execution_count": 15,
   "metadata": {},
   "outputs": [
    {
     "data": {
      "text/plain": [
       "array([[0., 0., 0.],\n",
       "       [0., 0., 0.],\n",
       "       [0., 0., 0.]])"
      ]
     },
     "execution_count": 15,
     "metadata": {},
     "output_type": "execute_result"
    }
   ],
   "source": [
    "mat"
   ]
  },
  {
   "cell_type": "code",
   "execution_count": 16,
   "metadata": {},
   "outputs": [],
   "source": [
    "mat[0][0] = eigenvalues[0]\n",
    "mat[1][1] = eigenvalues[1]\n",
    "mat[2][2] = eigenvalues[2]"
   ]
  },
  {
   "cell_type": "code",
   "execution_count": 17,
   "metadata": {},
   "outputs": [
    {
     "data": {
      "text/plain": [
       "array([[1.48756162, 0.        , 0.        ],\n",
       "       [0.        , 0.94435407, 0.        ],\n",
       "       [0.        , 0.        , 0.72597904]])"
      ]
     },
     "execution_count": 17,
     "metadata": {},
     "output_type": "execute_result"
    }
   ],
   "source": [
    "mat"
   ]
  },
  {
   "cell_type": "markdown",
   "metadata": {},
   "source": [
    "### 1-4) ê³ ìœ ê°’ ë¶„í•´: ê³ ìœ ê°’ ë¶„í•´ì˜ ê³±ìœ¼ë¡œ ì›ë˜ ê³µë¶„ì‚° í–‰ë ¬ì„ êµ¬í•´ë´…ë‹ˆë‹¤\n",
    "\n",
    "https://docs.scipy.org/doc/numpy/reference/generated/numpy.dot.html ë¥¼ ì°¸ê³ í•´ì£¼ì„¸ìš”\n",
    "\n",
    "A = ğ‘ƒÎ›ğ‘ƒ`\n",
    "ì´ ì‹ ê¸°ì–µë‚˜ì£ ?"
   ]
  },
  {
   "cell_type": "markdown",
   "metadata": {},
   "source": [
    "* `numpy.linalg.multi_dot` : Compute the dot product of two or more arrays in a single function call, while automatically selecting the fastest evaluation order\n",
    "    * linalg.multi_dot(arrays, *, out=None)\n",
    "    * ì°¸ê³  : https://numpy.org/doc/stable/reference/generated/numpy.linalg.multi_dot.html#numpy.linalg.multi_dot"
   ]
  },
  {
   "cell_type": "code",
   "execution_count": 18,
   "metadata": {
    "scrolled": true
   },
   "outputs": [
    {
     "data": {
      "text/plain": [
       "array([[ 1.05263158, -0.2037104 , -0.12079228],\n",
       "       [-0.2037104 ,  1.05263158,  0.3125801 ],\n",
       "       [-0.12079228,  0.3125801 ,  1.05263158]])"
      ]
     },
     "execution_count": 18,
     "metadata": {},
     "output_type": "execute_result"
    }
   ],
   "source": [
    "lin.multi_dot([eigenvectors, mat, eigenvectors.T])\n",
    "# 1-2ì—ì„œ êµ¬í–ˆë˜ ê³µë¶„ì‚°ê³¼ ë™ì¼í•œê°€ìš”? : ë™ì¼í•©ë‹ˆë‹¤!"
   ]
  },
  {
   "cell_type": "code",
   "execution_count": 19,
   "metadata": {},
   "outputs": [
    {
     "data": {
      "text/plain": [
       "array([[ 1.05263158, -0.2037104 , -0.12079228],\n",
       "       [-0.2037104 ,  1.05263158,  0.3125801 ],\n",
       "       [-0.12079228,  0.3125801 ,  1.05263158]])"
      ]
     },
     "execution_count": 19,
     "metadata": {},
     "output_type": "execute_result"
    }
   ],
   "source": [
    "# ê³ ìœ ê°’ ë¶„í•´ì˜ ê³±ìœ¼ë¡œ ì›ë˜ ê³µë¶„ì‚° í–‰ë ¬ì„ êµ¬í•˜ëŠ” ë˜ë‹¤ë¥¸ ë°©ë²• (1) - @ í™œìš©\n",
    "eigenvectors @ mat @ eigenvectors.T"
   ]
  },
  {
   "cell_type": "code",
   "execution_count": 20,
   "metadata": {},
   "outputs": [
    {
     "data": {
      "text/plain": [
       "array([[ 1.05263158, -0.2037104 , -0.12079228],\n",
       "       [-0.2037104 ,  1.05263158,  0.3125801 ],\n",
       "       [-0.12079228,  0.3125801 ,  1.05263158]])"
      ]
     },
     "execution_count": 20,
     "metadata": {},
     "output_type": "execute_result"
    }
   ],
   "source": [
    "# ê³ ìœ ê°’ ë¶„í•´ì˜ ê³±ìœ¼ë¡œ ì›ë˜ ê³µë¶„ì‚° í–‰ë ¬ì„ êµ¬í•˜ëŠ” ë˜ë‹¤ë¥¸ ë°©ë²• (2) - np.dot ì¤‘ì²©í•˜ì—¬ í™œìš©\n",
    "np.dot(np.dot(eigenvectors, mat), eigenvectors.T)"
   ]
  },
  {
   "cell_type": "markdown",
   "metadata": {},
   "source": [
    "### 1-5) ë§ˆì§€ë§‰ìœ¼ë¡œ ê³ ìœ  ë²¡í„° ì¶•ìœ¼ë¡œ ê°’ì„ ë³€í™˜í•©ë‹ˆë‹¤\n",
    "\n",
    "\n",
    "https://docs.scipy.org/doc/numpy/reference/generated/numpy.concatenate.html"
   ]
  },
  {
   "cell_type": "code",
   "execution_count": 21,
   "metadata": {},
   "outputs": [
    {
     "data": {
      "text/plain": [
       "array([[ 1.08573604,  0.02614175,  0.30684189],\n",
       "       [ 0.93801686, -0.86575334, -0.46445467],\n",
       "       [ 0.01477192, -0.92726334, -1.30282049],\n",
       "       [ 1.04880625, -1.66538341,  1.04460382],\n",
       "       [ 0.08863151, -1.41934339, -1.47049366],\n",
       "       [-0.09601747,  0.76426183,  0.97753455],\n",
       "       [-1.97943714,  1.13332186,  1.74883111],\n",
       "       [ 0.2732805 ,  0.42595679, -0.1961776 ],\n",
       "       [ 1.01187645, -1.5116084 , -1.40342439],\n",
       "       [-0.53917504, -0.92726334,  1.61469258],\n",
       "       [-1.94250735,  0.85652683,  0.44098042],\n",
       "       [ 0.16249111,  0.82577183,  0.60865359],\n",
       "       [-0.09601747, -0.03536825, -1.30282049],\n",
       "       [-0.09601747,  1.28709688, -0.76626636],\n",
       "       [ 1.15959564,  0.33369178,  1.21227698],\n",
       "       [-0.35452606,  1.16407687, -0.06203907],\n",
       "       [ 0.05170172,  0.64124181, -1.06807806],\n",
       "       [ 1.12266584,  0.11840676,  0.50804969],\n",
       "       [ 0.3471401 ,  1.19483187,  0.17270336],\n",
       "       [-2.20101593, -1.41934339, -0.5985932 ]])"
      ]
     },
     "execution_count": 21,
     "metadata": {},
     "output_type": "execute_result"
    }
   ],
   "source": [
    "X_std"
   ]
  },
  {
   "cell_type": "code",
   "execution_count": 22,
   "metadata": {},
   "outputs": [],
   "source": [
    "def new_coordinates(X, eigenvectors):\n",
    "    for i in range(eigenvectors.shape[0]):\n",
    "        if i == 0:\n",
    "            new = [X.dot(eigenvectors.T[i])]\n",
    "        else:\n",
    "            new = np.concatenate((new, [X.dot(eigenvectors.T[i])]), axis = 0)\n",
    "    return new.T\n",
    "\n",
    "# ëª¨ë“  ê³ ìœ  ë²¡í„° ì¶•ìœ¼ë¡œ ë°ì´í„°ë¥¼ projectioní•œ ê°’ì…ë‹ˆë‹¤"
   ]
  },
  {
   "cell_type": "code",
   "execution_count": 23,
   "metadata": {},
   "outputs": [
    {
     "data": {
      "text/plain": [
       "array([[ 0.31019368, -1.08215716, -0.07983642],\n",
       "       [ 1.28092404, -0.43132556,  0.13533091],\n",
       "       [ 1.38766381,  0.78428014, -0.12911446],\n",
       "       [ 0.95087515, -1.15737142,  1.6495519 ],\n",
       "       [ 1.84222365,  0.88189889,  0.11493111],\n",
       "       [-1.12563709, -0.52680338,  0.06564012],\n",
       "       [-2.71174416,  0.63290138,  0.71195473],\n",
       "       [-0.03100441, -0.20059783, -0.50339479],\n",
       "       [ 2.29618509,  0.07661447,  0.01087174],\n",
       "       [-0.61585248, -0.205764  ,  1.82651199],\n",
       "       [-1.73320252,  1.29971699,  0.09045178],\n",
       "       [-0.82366049, -0.57164535, -0.27123176],\n",
       "       [ 0.75619512,  0.73995175, -0.76710616],\n",
       "       [-0.42344386,  0.26555394, -1.41533681],\n",
       "       [-0.39581307, -1.64646874,  0.24104031],\n",
       "       [-0.88581498,  0.15195119, -0.82271209],\n",
       "       [ 0.24587691,  0.39139878, -1.15801831],\n",
       "       [ 0.14741103, -1.22874561, -0.03110396],\n",
       "       [-0.7161265 , -0.56781471, -0.86180345],\n",
       "       [ 0.24475107,  2.39442622,  1.19337361]])"
      ]
     },
     "execution_count": 23,
     "metadata": {},
     "output_type": "execute_result"
    }
   ],
   "source": [
    "new_coordinates(X_std,eigenvectors)\n",
    "\n",
    "# ìƒˆë¡œìš´ ì¶•ìœ¼ë¡œ ë³€í™˜ë˜ì–´ ë‚˜íƒ€ë‚œ ë°ì´í„°ë“¤ì…ë‹ˆë‹¤"
   ]
  },
  {
   "cell_type": "markdown",
   "metadata": {},
   "source": [
    "# 2) PCAë¥¼ êµ¬í˜„í•´ë³´ê¸°\n",
    "\n",
    "ìœ„ì˜ ê³¼ì •ì„ í•˜ë‚˜ì˜ í•¨ìˆ˜ë¡œ í‘œí˜„í•´ì£¼ì„¸ìš”!\n",
    "\n",
    "1)ì—ì„œ ì§„í–‰í•œ ê³¼ì •ì„ ê·¸ëŒ€ë¡œ ê°€ì ¸ì˜¤ë©´ ë©ë‹ˆë‹¤..! , \n",
    "\n",
    "ìœ„ì—ì„œ ë§Œë“  í•¨ìˆ˜(new_coordinate)ë„ ê°€ì ¸ì˜¤ì…”ì„œ ì‚¬ìš©í•´ë„ ì¢‹ì•„ìš”!\n",
    "\n",
    "+í•˜ì§€ë§Œ ì´ í•¨ìˆ˜ëŠ” numberì´ë¼ëŠ” ì¸ìë¥¼ ë°›ì•„ì„œ pcaì—ì„œ ì£¼ì„±ë¶„ ê°œìˆ˜ë¥¼ ê³ ë ¤í•˜ë„ë¡ í•©ë‹ˆë‹¤!\n",
    "\n",
    "ê³ ìœ ê°’ì´ í° ì¶• ìˆœì„œë¡œ ì •ë ¬í•˜ëŠ” ê³¼ì • + ì£¼ì„±ë¶„ ê°œìˆ˜ numberì„ ê³ ë ¤í•´ì•¼í•œë‹¤ëŠ” ì ì„ ìœ ì˜í•´ì„œ í•¨ìˆ˜ë¥¼ ì •ì˜í•´ì£¼ì„¸ìš”\n"
   ]
  },
  {
   "cell_type": "code",
   "execution_count": 24,
   "metadata": {},
   "outputs": [],
   "source": [
    "from sklearn.preprocessing import StandardScaler\n",
    "\n",
    "def MYPCA(X, number):\n",
    "    \n",
    "    # ë°ì´í„° ìŠ¤ì¼€ì¼ë§\n",
    "    from sklearn.preprocessing import StandardScaler\n",
    "    scaler = StandardScaler()\n",
    "    X_std = scaler.fit_transform(X)     # X_std : Xì— ëŒ€í•œ ìŠ¤ì¼€ì¼ë§ì´ ì™„ë£Œëœ ë°ì´í„°\n",
    "    features = X_std.T     # features : X_stdì˜ ì „ì¹˜í–‰ë ¬\n",
    "    \n",
    "    # ê³µë¶„ì‚° í–‰ë ¬ (cov_matrix)\n",
    "    cov_matrix = np.cov(features)\n",
    "    \n",
    "    # ê³ ìœ ê°’(eigenvalues)ê³¼ ê³ ìœ ë²¡í„°(eigenvectors)\n",
    "    eigenvalues = lin.eig(cov_matrix)[0]\n",
    "    eigenvectors = lin.eig(cov_matrix)[1]\n",
    "    \n",
    "    # ìœ„ì—ì„œ ì •ì˜í•œ í•¨ìˆ˜(new_coordinates) í™œìš©\n",
    "    # new_coordinates : ëª¨ë“  ê³ ìœ ë²¡í„° ì¶•ìœ¼ë¡œ ë°ì´í„°ë¥¼ projectioní•œ í›„, ê²°ê³¼ ë°˜í™˜í•˜ëŠ” í•¨ìˆ˜\n",
    "    df = pd.DataFrame(new_coordinates(X_std, eigenvectors))     # ì •ë ¬ì„ ìœ„í•´ ë°ì´í„°í”„ë ˆì„ìœ¼ë¡œ ì¼ë‹¨ ë³€í™˜\n",
    "    \n",
    "    # ì£¼ì„±ë¶„ ê°œìˆ˜ numberë¥¼ í™œìš©í•´ ê³ ìœ ê°’ì´ í° ìˆœì„œëŒ€ë¡œ ì •ë ¬\n",
    "    # ì •ë ¬ ë§ˆì¹˜ê³  ë‹¤ì‹œ arrayë¡œ ë³€í™˜\n",
    "    eigenvalues_sorted = sorted(eigenvalues)     # ë¨¼ì € ì˜¤ë¦„ì°¨ìˆœ ì •ë ¬\n",
    "    eigenvalues_sorted.reverse()     # ì˜¤ë¦„ì°¨ìˆœì„ ë‚´ë¦¼ì°¨ìˆœìœ¼ë¡œ\n",
    "    index = []     # ê³ ìœ ê°’ì´ í° ìˆœì„œëŒ€ë¡œ indexë¥¼ ì°¨ë¡€ëŒ€ë¡œ ì €ì¥í•˜ëŠ” ë¦¬ìŠ¤íŠ¸\n",
    "    \n",
    "    # ë¦¬ìŠ¤íŠ¸(index)ì— ê³ ìœ ê°’ì´ í° ìˆœì„œëŒ€ë¡œ index appending\n",
    "    for i in range(number):\n",
    "        value = eigenvalues_sorted[i]\n",
    "        index.append(list(eigenvalues).index(value))\n",
    "    \n",
    "    result = np.array(df[index])     # ì •ë ¬ì´ ì™„ë£Œëœ ë°ì´í„°í”„ë ˆì„ì„ ë‹¤ì‹œ arrayë¡œ ë³€í™˜\n",
    "    \n",
    "    return result     # ìƒˆë¡œìš´ ì¶•ìœ¼ë¡œ ë³€í™˜ë˜ì–´ ë‚˜íƒ€ë‚œ ë°ì´í„° return"
   ]
  },
  {
   "cell_type": "code",
   "execution_count": 25,
   "metadata": {
    "scrolled": true
   },
   "outputs": [
    {
     "data": {
      "text/plain": [
       "array([[ 0.31019368, -1.08215716, -0.07983642],\n",
       "       [ 1.28092404, -0.43132556,  0.13533091],\n",
       "       [ 1.38766381,  0.78428014, -0.12911446],\n",
       "       [ 0.95087515, -1.15737142,  1.6495519 ],\n",
       "       [ 1.84222365,  0.88189889,  0.11493111],\n",
       "       [-1.12563709, -0.52680338,  0.06564012],\n",
       "       [-2.71174416,  0.63290138,  0.71195473],\n",
       "       [-0.03100441, -0.20059783, -0.50339479],\n",
       "       [ 2.29618509,  0.07661447,  0.01087174],\n",
       "       [-0.61585248, -0.205764  ,  1.82651199],\n",
       "       [-1.73320252,  1.29971699,  0.09045178],\n",
       "       [-0.82366049, -0.57164535, -0.27123176],\n",
       "       [ 0.75619512,  0.73995175, -0.76710616],\n",
       "       [-0.42344386,  0.26555394, -1.41533681],\n",
       "       [-0.39581307, -1.64646874,  0.24104031],\n",
       "       [-0.88581498,  0.15195119, -0.82271209],\n",
       "       [ 0.24587691,  0.39139878, -1.15801831],\n",
       "       [ 0.14741103, -1.22874561, -0.03110396],\n",
       "       [-0.7161265 , -0.56781471, -0.86180345],\n",
       "       [ 0.24475107,  2.39442622,  1.19337361]])"
      ]
     },
     "execution_count": 25,
     "metadata": {},
     "output_type": "execute_result"
    }
   ],
   "source": [
    "MYPCA(X, 3)"
   ]
  },
  {
   "cell_type": "markdown",
   "metadata": {},
   "source": [
    "Q. ìƒˆë¡œìš´ ì¶•ìœ¼ë¡œ ì˜ ë³€í™˜ë˜ì–´ì„œ ë‚˜íƒ€ë‚˜ë‚˜ìš”?\n",
    "\n",
    "A. `eigenvalues`ê°€ ì›ë˜ë¶€í„° ê³ ìœ ê°’ì´ í° ìˆœì„œëŒ€ë¡œ ì •ë ¬ë˜ì–´ ìˆì—ˆê¸° ë•Œë¬¸ì—(1.48756162 > 0.94435407 > 0.72597904), new_coordinates(X_std,eigenvectors)ì™€ ë™ì¼í•œ ê²°ê³¼ê°€ ë‚˜ì™”ìŠµë‹ˆë‹¤!"
   ]
  },
  {
   "cell_type": "markdown",
   "metadata": {},
   "source": [
    "# 3) sklearnì´ë‘ ë¹„êµë¥¼ í•´ë³´ê¸°\n",
    "\n",
    "https://scikit-learn.org/stable/modules/generated/sklearn.decomposition.PCA.html ë¥¼ ì°¸ê³ í•˜ì‹œë©´ ë„ì›€ì´ ë ê±°ì—ìš”"
   ]
  },
  {
   "cell_type": "markdown",
   "metadata": {},
   "source": [
    "* sklearn.decomposition.PCA(n_components=None, *, copy=True, whiten=False, svd_solver='auto', tol=0.0, iterated_power='auto', random_state=None)\n",
    "    * n_components : Number of components to keep. If n_components is not set all components are kept."
   ]
  },
  {
   "cell_type": "code",
   "execution_count": 26,
   "metadata": {},
   "outputs": [],
   "source": [
    "from sklearn.decomposition import PCA\n",
    "\n",
    "pca = PCA(n_components = 3)     # ì£¼ì„±ë¶„ ê°œìˆ˜ëŠ” 3ê°œ\n",
    "\n",
    "# fit_transform ë©”ì„œë“œ : íŠ¹ì§•í–‰ë ¬ì„ ë‚®ì€ ì°¨ì›ì˜ ê·¼ì‚¬í–‰ë ¬ë¡œ ë³€í™˜!\n",
    "sklearnPCA = pca.fit_transform(X_std)     # ìŠ¤ì¼€ì¼ë§ëœ ë°ì´í„°ì¸ X_stdë¡œ PCA ëª¨ë¸ì— fit & transform!"
   ]
  },
  {
   "cell_type": "code",
   "execution_count": 27,
   "metadata": {},
   "outputs": [
    {
     "data": {
      "text/plain": [
       "array([[-0.31019368, -1.08215716, -0.07983642],\n",
       "       [-1.28092404, -0.43132556,  0.13533091],\n",
       "       [-1.38766381,  0.78428014, -0.12911446],\n",
       "       [-0.95087515, -1.15737142,  1.6495519 ],\n",
       "       [-1.84222365,  0.88189889,  0.11493111],\n",
       "       [ 1.12563709, -0.52680338,  0.06564012],\n",
       "       [ 2.71174416,  0.63290138,  0.71195473],\n",
       "       [ 0.03100441, -0.20059783, -0.50339479],\n",
       "       [-2.29618509,  0.07661447,  0.01087174],\n",
       "       [ 0.61585248, -0.205764  ,  1.82651199],\n",
       "       [ 1.73320252,  1.29971699,  0.09045178],\n",
       "       [ 0.82366049, -0.57164535, -0.27123176],\n",
       "       [-0.75619512,  0.73995175, -0.76710616],\n",
       "       [ 0.42344386,  0.26555394, -1.41533681],\n",
       "       [ 0.39581307, -1.64646874,  0.24104031],\n",
       "       [ 0.88581498,  0.15195119, -0.82271209],\n",
       "       [-0.24587691,  0.39139878, -1.15801831],\n",
       "       [-0.14741103, -1.22874561, -0.03110396],\n",
       "       [ 0.7161265 , -0.56781471, -0.86180345],\n",
       "       [-0.24475107,  2.39442622,  1.19337361]])"
      ]
     },
     "execution_count": 27,
     "metadata": {},
     "output_type": "execute_result"
    }
   ],
   "source": [
    "sklearnPCA"
   ]
  },
  {
   "cell_type": "code",
   "execution_count": 28,
   "metadata": {
    "scrolled": true
   },
   "outputs": [
    {
     "data": {
      "text/plain": [
       "array([[ 0.31019368, -1.08215716, -0.07983642],\n",
       "       [ 1.28092404, -0.43132556,  0.13533091],\n",
       "       [ 1.38766381,  0.78428014, -0.12911446],\n",
       "       [ 0.95087515, -1.15737142,  1.6495519 ],\n",
       "       [ 1.84222365,  0.88189889,  0.11493111],\n",
       "       [-1.12563709, -0.52680338,  0.06564012],\n",
       "       [-2.71174416,  0.63290138,  0.71195473],\n",
       "       [-0.03100441, -0.20059783, -0.50339479],\n",
       "       [ 2.29618509,  0.07661447,  0.01087174],\n",
       "       [-0.61585248, -0.205764  ,  1.82651199],\n",
       "       [-1.73320252,  1.29971699,  0.09045178],\n",
       "       [-0.82366049, -0.57164535, -0.27123176],\n",
       "       [ 0.75619512,  0.73995175, -0.76710616],\n",
       "       [-0.42344386,  0.26555394, -1.41533681],\n",
       "       [-0.39581307, -1.64646874,  0.24104031],\n",
       "       [-0.88581498,  0.15195119, -0.82271209],\n",
       "       [ 0.24587691,  0.39139878, -1.15801831],\n",
       "       [ 0.14741103, -1.22874561, -0.03110396],\n",
       "       [-0.7161265 , -0.56781471, -0.86180345],\n",
       "       [ 0.24475107,  2.39442622,  1.19337361]])"
      ]
     },
     "execution_count": 28,
     "metadata": {},
     "output_type": "execute_result"
    }
   ],
   "source": [
    "MYPCA(X,3)"
   ]
  },
  {
   "cell_type": "markdown",
   "metadata": {},
   "source": [
    "* ì•„ë˜ì—ì„œ ì•Œ ìˆ˜ ìˆë“¯ì´, `sklearnPCA`ì˜ ë‹¨ìœ„ê¸°ì €ë²¡í„°ì™€ `MYPCA(X,3)`ì˜ ë‹¨ìœ„ê¸°ì €ë²¡í„°ê°€ ì„œë¡œ ë‹¤ë¥´ë‹¤.\n",
    "    * ë”°ë¼ì„œ ë‘ ê²°ê³¼ë¥¼ ë¹„êµí•´ë³´ë©´ ì ˆëŒ“ê°’ì€ ë™ì¼í•˜ë‚˜, ë¶€í˜¸ê°€ ë‹¤ë¥¸ ê²½ìš°(ë°©í–¥ì´ ë‹¤ë¥¸ ê²½ìš°)ê°€ ìˆìŒì„ í™•ì¸í•  ìˆ˜ ìˆë‹¤."
   ]
  },
  {
   "cell_type": "code",
   "execution_count": 29,
   "metadata": {},
   "outputs": [
    {
     "data": {
      "text/plain": [
       "array([[-0.47018528,  0.64960236,  0.59744671],\n",
       "       [-0.85137353, -0.15545725, -0.50099516],\n",
       "       [-0.23257022, -0.74421087,  0.62614797]])"
      ]
     },
     "execution_count": 29,
     "metadata": {},
     "output_type": "execute_result"
    }
   ],
   "source": [
    "pca.components_     # sklearnPCAì˜ ë‹¨ìœ„ê¸°ì €ë²¡í„°"
   ]
  },
  {
   "cell_type": "code",
   "execution_count": 30,
   "metadata": {},
   "outputs": [
    {
     "data": {
      "text/plain": [
       "array([[ 0.47018528, -0.85137353, -0.23257022],\n",
       "       [-0.64960236, -0.15545725, -0.74421087],\n",
       "       [-0.59744671, -0.50099516,  0.62614797]])"
      ]
     },
     "execution_count": 30,
     "metadata": {},
     "output_type": "execute_result"
    }
   ],
   "source": [
    "eigenvectors     # MYPCA(X,3)ì˜ ë‹¨ìœ„ê¸°ì €ë²¡í„°"
   ]
  }
 ],
 "metadata": {
  "kernelspec": {
   "display_name": "Python 3",
   "language": "python",
   "name": "python3"
  },
  "language_info": {
   "codemirror_mode": {
    "name": "ipython",
    "version": 3
   },
   "file_extension": ".py",
   "mimetype": "text/x-python",
   "name": "python",
   "nbconvert_exporter": "python",
   "pygments_lexer": "ipython3",
   "version": "3.8.5"
  },
  "toc": {
   "base_numbering": 1,
   "nav_menu": {},
   "number_sections": true,
   "sideBar": true,
   "skip_h1_title": false,
   "title_cell": "Table of Contents",
   "title_sidebar": "Contents",
   "toc_cell": false,
   "toc_position": {},
   "toc_section_display": true,
   "toc_window_display": false
  }
 },
 "nbformat": 4,
 "nbformat_minor": 2
}
